0.500304
0.500106
0.498091
0.495881
0.495681
0.495879
0.495479
0.496282
0.496483
0.497889
0.498493
0.498493
0.497891
0.497894
0.497287
0.497890
0.497087
0.496683
0.494674
0.496084
0.493070
0.493469
0.492265
0.494273
0.493668
0.495881
0.497086
0.494072
0.497689
0.497286
0.496484
0.495881
0.495881
0.495280
0.494676
0.495277
0.493670
0.490455
0.489851
0.492265
0.492866
0.492865
0.493269
0.493468
0.494074
0.493066
0.491860
0.490653
0.490454
0.492062
0.546334
0.591762
0.644624
0.692064
0.742312
0.792767
0.842415
0.889454
0.939300
0.987942
1.041011
1.090454
1.136889
1.187140
1.240605
1.292066
1.345739
1.396991
1.452075
1.504322
1.557990
1.613075
1.668945
1.725025
1.783920
1.843023
1.898098
1.961624
2.030356
2.094280
2.158396
2.227538
2.294883
2.378105
2.445236
2.526834
2.607643
2.691463
2.776488
2.859308
2.950571
3.038410
3.133084
3.231759
3.334479
3.437387
3.541522
3.650266
3.763239
3.883425
4.002838
4.107554
4.226139
4.336316
4.450278
4.572289
4.692070
4.827155
4.959216
5.094694
5.237800
5.383740
5.539520
5.688454
5.831380
5.986344
6.151783
6.315603
6.496897
6.672375
6.842010
7.029146
7.214674
7.397804
7.595779
7.786532
7.977705
8.176163
8.381541
8.592815
8.814507
9.018291
9.254127
9.480843
9.726893
9.953990
10.192583
10.448547
10.693087
10.962657
11.241809
11.506757
11.801455
12.081529
12.379296
12.687085
12.993794
13.300904
13.619177
13.943344
14.265987
14.604251
14.914433
15.272223
15.622142
15.972664
16.332729
16.699497
17.057993
17.438261
17.826439
18.218803
18.621910
19.029022
19.442692
19.871960
20.297285
20.727278
21.165840
21.616570
22.083662
22.546423
23.019142
23.500845
24.005573
24.496683
24.991257
25.499397
26.015781
26.535585
27.051254
27.589951
28.133381
28.672276
29.216400
29.772663
30.335056
30.910816
31.492462
32.089241
32.683681
33.264389
33.871628
34.478191
35.069016
35.675449
36.286377
36.916931
37.538998
38.164421
38.825527
39.488117
40.158352
40.838192
41.496567
42.155178
42.821911
43.486317
44.157787
44.832455
45.489647
46.189438
46.871853
47.555569
48.254070
48.948746
49.620403
50.317184
51.005829
51.688843
52.369045
53.045631
53.733063
54.423626
55.122833
55.799397
56.474773
57.155376
57.816601
58.489449
59.186531
59.870953
60.541630
61.222713
61.877106
62.555576
63.210178
63.870079
64.510147
65.145729
65.787804
66.437119
67.080673
67.710350
68.322411
68.937691
69.534271
70.149345
70.742508
71.321808
71.899101
72.466537
73.033974
73.579643
74.132065
74.676781
75.216484
75.749146
76.282967
76.805023
77.331055
77.831757
78.326836
78.811058
79.299454
79.773064
80.249245
80.710754
81.165024
81.607834
82.037956
82.457855
82.866936
83.287636
83.685226
84.071152
84.459702
84.835777
85.208641
85.584518
85.940102
86.281204
86.629921
86.972664
87.307945
87.628540
87.942917
88.247040
88.554176
88.865929
89.149147
89.434776
89.699699
89.978699
90.235779
90.497284
90.754974
91.012863
91.247841
91.484222
91.712158
91.925827
92.133469
92.346336
92.553368
92.752563
92.937286
93.124023
93.304520
93.493668
93.668137
93.841209
94.020096
94.184319
94.347534
94.506737
94.665131
94.814270
94.959190
95.107338
95.236183
95.368843
95.489655
95.616684
95.738693
95.858093
95.975677
96.087837
96.196983
96.295074
96.392159
96.492859
96.594772
96.689644
96.781311
96.873161
96.960197
97.052864
97.135277
97.215477
97.288643
97.363815
97.437592
97.505730
97.575073
97.635178
97.702316
97.767036
97.825729
97.891060
97.947937
98.009644
98.065331
98.125633
98.180702
98.231956
98.289246
98.334869
98.382515
98.425728
98.466125
98.511154
98.553169
98.596382
98.630951
98.666733
98.704727
98.742310
98.780098
98.815880
98.852661
98.882812
98.917992
98.948341
98.975876
99.008438
99.039597
99.065331
99.092865
99.116989
99.141510
99.166031
99.190750
99.211456
99.232162
99.252060
99.270752
99.290649
99.314171
99.332657
99.352356
99.370453
99.390556
99.403618
99.421303
99.437988
99.451050
99.467133
99.482819
99.497482
99.508949
99.523216
99.539902
99.553169
99.565224
99.576080
99.586128
99.598595
99.610855
99.622513
99.631958
99.641403
99.651260
99.660507
99.670555
99.677589
99.685829
99.693069
99.700905
99.705330
99.714775
99.720604
99.727234
99.734070
99.740097
99.743721
99.752159
99.758789
99.764023
99.768845
99.774475
99.777489
99.784523
99.789551
99.793968
99.798790
99.803619
99.808647
99.813866
99.818489
99.824318
99.828140
99.832359
99.837181
99.841606
99.844223
99.848846
99.852058
99.855270
99.857887
99.861107
99.863914
99.868340
99.870552
99.872765
99.874168
99.876785
99.878593
99.879196
99.881813
99.883614
99.886230
99.888443
99.891052
99.893471
99.896080
99.897888
99.898491
99.900703
99.902710
99.903519
99.906128
99.908340
99.911156
99.912964
99.914970
99.916382
99.917587
99.918594
99.918190
99.919395
99.920807
99.922005
99.924423
99.925827
99.927834
99.929245
99.930450
99.931656
99.932060
99.932869
99.933472
99.934471
99.935478
99.935478
99.936882
99.937691
99.938492
99.938690
99.939499
99.940300
99.940903
99.941101
99.941101
99.943115
99.943314
99.944923
99.944519
99.945526
99.945930
99.946335
99.946732
99.946938
99.946938
99.948746
99.948746
99.948944
99.950958
99.950348
99.950752
99.950752
99.949745
99.949554
99.950150
99.950958
99.950752
99.951355
99.951759
99.952164
99.952164
99.952362
99.951958
99.952965
99.953369
99.953964
99.953773
99.954773
99.955177
99.955376
99.955574
99.955780
99.956177
99.956581
99.956177
99.955978
99.956383
99.956581
99.956383
99.957184
99.957390
99.958191
99.957588
99.957787
99.958595
99.958794
99.958794
99.958794
99.958595
99.958794
99.958794
99.958794
99.958992
99.958992
99.959396
99.958595
99.958794
99.958794
99.958794
99.959396
99.959999
99.959793
99.959602
99.959396
99.958794
99.958595
99.958992
99.959396
99.959198
99.959198
99.959793
99.959602
99.959602
99.959602
99.960205
99.960205
99.960800
99.961403
99.961815
99.961205
99.961205
99.961403
99.962006
99.961609
99.961403
99.962616
99.962616
99.961815
99.961403
99.961403
99.961609
99.962006
99.961609
99.962410
99.963417
99.963821
99.964218
99.962814
99.962616
99.962616
99.963615
99.964020
99.963417
99.963219
99.963013
99.962814
99.963219
99.962814
99.963417
99.963417
99.964622
99.964622
99.964424
99.963615
99.964020
99.964020
99.964821
99.964424
99.964020
99.964218
99.964218
99.963219
99.963821
99.963821
99.963821
99.964218
99.963821
99.964020
99.964218
99.964622
99.965828
99.966431
99.965828
99.966232
99.966835
99.967033
99.967232
99.967033
99.966835
99.966637
99.966637
99.966034
99.965828
99.966034
99.966232
99.966637
99.967033
99.966637
99.966232
99.966637
99.966637
99.966637
99.967232
99.967644
99.968246
99.967834
99.967438
99.967033
99.966835
99.966637
99.966034
99.966232
99.966835
99.967033
99.966637
99.966034
99.966835
99.967438
99.967644
99.967438
99.967644
99.967644
99.967438
99.967834
99.968040
99.967232
99.966835
99.966835
99.966637
99.966637
99.966232
99.965630
99.965630
99.966431
99.966637
99.967033
99.966431
99.965828
99.965630
99.965431
99.965225
99.965027
99.965225
99.965225
99.965431
99.965027
99.964622
99.964622
99.964218
99.964020
99.963615
99.963417
99.964622
99.964622
99.964821
99.964622
99.964622
99.965225
99.965225
99.965027
99.964821
99.965431
99.965431
99.965630
99.966431
99.966637
99.966637
99.966431
99.966431
99.966431
99.966431
99.965225
99.964821
99.964821
99.964622
99.965027
99.965027
99.964622
99.965027
99.965630
99.966034
99.966232
99.966431
99.966034
99.966431
99.965828
99.966232
99.966232
99.966431
99.966034
99.965828
99.965828
99.965630
99.965828
99.966232
99.966034
99.965630
99.965431
99.965431
99.965027
99.965431
99.965630
99.965630
99.965431
99.966034
99.965630
99.965225
99.966431
99.966034
99.965828
99.966232
99.966431
99.966232
99.966232
99.966637
99.966835
99.966637
99.966232
99.965225
99.965630
99.965828
99.965828
99.965225
99.965027
99.965431
99.965027
99.964622
99.964622
99.965027
99.966034
99.965828
99.966232
99.966431
99.966034
99.965225
99.965027
99.964821
99.964821
99.965027
99.966034
99.966431
99.965828
99.966431
99.966232
99.965828
99.966431
99.966835
99.966431
99.966637
99.967438
99.967644
99.968246
99.968040
99.968643
99.968842
99.968842
99.968437
99.968437
99.967834
99.966835
99.967438
99.967438
99.967232
99.967834
99.968246
99.968842
99.968246
99.968246
99.968437
99.968040
99.968437
99.968437
99.968040
99.967232
99.967438
99.967644
99.967834
99.967438
99.967834
99.967438
99.967438
99.967232
99.968040
99.966637
99.967232
99.967232
99.966637
99.966431
99.966835
99.966637
99.967033
99.967033
99.967033
99.967644
99.968246
99.968246
99.968040
99.967834
99.968437
99.968437
99.969048
99.969650
99.969444
99.969246
99.969650
99.969849
99.969650
99.969650
99.969849
99.969246
99.969048
99.968842
99.969650
99.970047
99.970650
99.970253
99.970650
99.970451
99.969849
99.970047
99.970047
99.969849
99.970047
99.969849
99.969650
99.969849
99.969444
99.969444
99.969048
99.968643
99.968437
99.968040
99.968643
99.968437
99.968643
99.968246
99.968246
99.968040
99.967834
99.967644
99.967644
99.968246
99.967834
99.968842
99.969246
99.968842
99.968842
99.969048
99.968643
99.968842
99.968246
99.968437
99.968437
99.968246
99.968040
99.968040
99.967033
99.966835
99.967232
99.967033
99.966835
99.966637
99.966637
99.966637
99.965828
99.965431
99.964821
99.964821
99.964424
99.964218
99.963417
99.963219
99.962814
99.962410
99.962814
99.963219
99.962616
99.962410
99.962212
99.962212
99.962410
99.963615
99.964218
99.963821
99.964424
99.963417
99.962616
99.963219
99.963821
99.964218
99.964218
99.963821
99.964020
99.964020
99.963417
99.964020
99.964020
99.963219
99.963417
99.963219
99.963615
99.964424
99.964218
99.963417
99.963219
99.964020
99.964218
99.963821
99.964020
99.963417
99.963219
99.964020
99.963821
99.964821
99.965828
99.965630
99.965431
99.964821
99.964218
99.964424
99.964020
99.964424
99.964218
99.964020
99.964020
99.964424
99.964424
99.965431
99.965431
99.965225
99.965225
99.965225
99.965027
99.964424
99.965431
99.965630
99.966034
99.965828
99.966431
99.966232
99.966637
