1.995305
1.964386
1.980097
1.913363
1.903450
1.873022
1.857238
1.862625
1.893050
1.898153
1.903450
1.918563
1.939171
1.969388
1.969689
1.928867
1.928965
1.928768
1.918661
1.893147
1.878030
1.903158
1.862340
1.908748
1.908261
1.852513
1.857332
1.867442
1.867442
1.877647
1.877934
1.873214
1.857427
1.872640
1.893340
1.913754
1.898153
1.913460
1.933673
1.913656
1.923568
1.959284
1.903255
1.903547
1.903450
1.903158
1.954082
1.954381
1.959584
1.979895
2.964740
3.852434
4.704321
5.526920
6.398939
7.102766
7.908567
8.898413
9.899475
10.837288
11.781214
12.587378
13.864367
15.266085
16.557812
17.951727
19.606041
21.440964
23.448980
25.780613
27.916113
29.922947
32.044086
34.437187
37.126236
39.431515
42.063370
44.711464
47.385071
50.216846
53.403061
56.392853
59.423470
62.054188
65.144402
67.984695
70.870964
73.502396
75.984695
78.525505
80.770409
82.872452
84.790817
86.489799
88.142860
89.709183
90.780609
91.999588
93.051025
94.005104
94.770142
95.403061
96.040817
96.484688
96.836731
97.311226
97.663269
97.918365
98.107140
98.316322
98.510208
98.724487
98.806061
98.918365
98.994896
99.132652
99.224487
99.336739
99.392853
99.418365
99.459152
99.489799
99.540817
99.556122
99.596939
99.591843
99.602043
99.632652
99.622444
99.627548
99.632614
99.602020
99.561226
99.602043
99.627548
99.642853
99.647942
99.637756
99.668320
99.673447
99.658165
99.663261
99.673470
99.678574
99.668365
99.673470
99.688774
99.688774
99.673447
99.688774
99.698982
99.698982
99.693878
99.673470
99.637733
99.637718
99.658165
99.658165
99.673470
99.693878
99.663261
99.668365
99.704071
99.704071
99.693863
99.714287
99.698967
99.704071
99.693878
99.698982
99.688774
99.683670
99.673470
99.678574
99.673447
99.653061
99.678574
99.658165
99.678574
99.683662
99.678574
99.678551
99.683670
99.698967
99.698982
99.688759
99.688774
99.698982
99.668350
99.683662
99.673470
99.678574
99.663261
99.693848
99.714287
99.709183
99.714287
99.693878
99.704079
99.698982
99.704071
99.688774
99.678551
99.663261
99.673470
99.663261
99.678574
99.698929
99.668335
99.688759
99.683670
99.709183
99.714287
99.724487
99.724480
99.714287
99.714287
99.714287
99.709183
99.683662
99.647942
99.642853
99.637756
99.642853
99.658165
99.607124
99.612221
99.637733
99.653061
99.678520
99.658165
99.678574
99.678551
99.653061
99.658165
99.642853
99.637733
99.647919
99.642853
99.663246
99.642853
99.653061
99.663261
99.668365
99.683670
99.673470
99.678574
99.663261
99.668365
99.683662
99.678543
99.688759
99.668335
99.673470
99.673470
99.688759
99.668350
99.668350
99.663246
99.653061
99.653023
99.627548
99.612221
99.602020
99.627510
99.622414
99.647957
99.653038
99.637733
99.642853
99.642853
99.627533
99.617325
99.622391
99.658165
99.668365
99.678551
99.683670
99.693863
99.714287
99.724487
99.709183
99.688774
99.704079
99.678574
99.653038
99.642853
99.658142
99.673447
99.668365
99.683670
99.693878
99.709183
99.729576
99.719376
99.714287
99.693863
99.668350
99.647957
99.653038
99.642853
99.673447
99.678551
99.668365
99.678574
99.683670
99.668365
99.622444
99.632614
99.627533
99.612244
99.607124
99.612244
99.617325
99.627510
99.607147
99.602043
99.596916
99.586739
99.591812
99.596939
99.627548
99.632652
99.658142
99.642853
99.617348
99.617348
99.617348
99.622444
99.632652
99.668365
99.678551
99.663261
99.658165
99.658142
99.647919
99.658127
99.673470
99.663246
99.663261
99.663261
99.658165
99.663231
99.647957
99.688774
99.704079
99.724487
99.724457
99.698982
99.698967
99.704071
99.698967
99.698967
99.704071
99.704071
99.678574
99.698982
99.704071
99.704079
99.698967
99.693878
99.678574
99.673447
99.673470
99.658142
99.663231
99.653038
99.642822
99.653038
99.668350
99.663261
99.658142
99.658165
99.647957
99.658058
99.632629
99.663261
99.642853
99.617348
99.622444
99.642822
99.642838
99.647957
99.658127
99.653038
99.663261
99.693863
99.698982
99.704079
99.704079
99.724487
99.739784
99.729576
99.704071
99.714256
99.714287
99.714287
99.709183
99.704079
99.698967
99.698982
99.663261
99.668335
99.663261
99.668350
99.658127
99.642853
99.642838
99.647957
99.642853
99.647942
99.663261
99.668350
99.678574
99.688759
99.693878
99.693878
99.683670
99.683670
99.693878
99.704071
99.714287
99.704079
99.688759
99.683670
99.663261
99.658165
99.653038
99.632652
99.632652
99.612244
99.591812
99.607124
99.622414
99.612221
99.602043
99.607101
99.591812
99.622429
99.617310
99.642853
99.658165
99.668350
99.698952
99.683670
99.688759
99.673439
99.663261
99.653023
99.642853
99.632652
99.637756
99.622444
99.642838
99.658165
99.673470
99.668297
99.668365
99.678574
99.693878
99.683670
99.698982
99.693878
99.688774
99.668335
99.642838
99.647957
99.642822
99.622375
99.642853
99.673447
99.698952
99.678551
99.663246
99.678574
99.704071
99.704071
99.693878
99.693878
99.714287
99.729553
99.719376
99.724457
99.749985
99.739799
99.724487
99.755104
99.750000
99.739784
99.729591
99.739799
99.744896
99.739799
99.724480
99.683662
99.668365
99.698982
99.698967
99.709183
99.704079
