2.143185
2.087161
2.025924
2.016026
1.969790
1.934265
1.918563
1.826997
1.811502
1.760204
1.755371
1.720266
1.739885
1.704255
1.720002
1.770950
1.770679
1.781157
1.801388
1.811964
1.821893
1.791365
1.786079
1.786170
1.796560
1.720002
1.751162
1.724842
1.750446
1.786443
1.797110
1.801848
1.750357
1.750089
1.735314
1.775692
1.776326
1.740062
1.760294
1.755640
1.786170
1.745432
1.781067
1.781067
1.771131
1.724842
1.729857
1.729857
1.734959
1.725194
3.082419
4.342945
5.455752
6.995968
8.210021
9.466217
10.628635
11.953249
13.066326
14.326546
15.673165
17.353811
19.008980
20.851194
23.412941
25.941614
29.248751
32.761703
37.118507
40.952236
44.887234
48.540668
52.747871
56.712078
61.173470
65.142860
69.017250
72.814941
76.826530
80.646973
84.136948
86.974487
89.448982
91.392860
93.234695
94.678566
95.770195
96.724495
97.479462
98.040817
98.362244
98.683670
98.933670
99.214287
99.341805
99.459183
99.505104
99.530617
99.576530
99.596939
99.627548
99.647942
99.678574
99.698982
99.678574
99.663246
99.678574
99.663261
99.663261
99.663261
99.642838
99.637680
99.612244
99.591843
99.602020
99.632629
99.601974
99.647957
99.637733
99.632629
99.617310
99.607147
99.586716
99.627510
99.658165
99.647942
99.673470
99.734695
99.755104
99.744896
99.750000
99.724434
99.709183
99.719391
99.739799
99.739784
99.729576
99.734695
99.749985
99.780617
99.780617
99.775513
99.744896
99.673470
99.698967
99.673470
99.627548
99.647903
99.653061
99.658165
99.678543
99.698982
99.698967
99.673447
99.637756
99.642822
99.678551
99.683662
99.714256
99.709183
99.704079
99.719391
99.739799
99.744896
99.770393
99.785713
99.775513
99.770409
99.770409
99.734695
99.734695
99.744896
99.750000
99.760208
99.729553
99.714287
99.704079
99.693863
99.704071
99.714272
99.693878
99.693863
99.663246
99.668350
99.698967
99.688774
99.698967
99.658142
99.663261
99.683670
99.683670
99.663231
99.637695
99.658142
99.673447
99.637695
99.622444
99.602020
99.612190
99.596939
99.658127
99.663231
99.673447
99.688759
99.683624
99.704079
99.709152
99.704079
99.729576
99.729591
99.714287
99.693848
99.698982
99.683662
99.673470
99.678551
99.688759
99.698982
99.698982
99.704048
99.698967
99.678574
99.693848
99.688774
99.683662
99.704071
99.647903
99.653061
99.668365
99.668365
99.678574
99.673447
99.698929
99.704079
99.658096
99.622429
99.668365
99.647957
99.647942
99.678551
99.698982
99.724449
99.734695
99.729576
99.698982
99.693848
99.683640
99.693878
99.704071
99.693863
99.693863
99.683670
99.693863
99.698982
99.704079
99.714287
99.704079
99.709167
99.663261
99.663261
99.668365
99.632652
99.642799
99.642822
99.658165
99.658142
99.637718
99.658165
99.632614
99.617310
99.596916
99.632629
99.617348
99.550972
99.596901
99.622414
99.637718
99.642822
99.678574
99.688774
99.658112
99.627533
99.663231
99.698967
99.693863
99.663261
99.673470
99.673424
99.693878
99.719376
99.704048
99.714272
99.698982
99.693878
99.714241
99.729591
99.755104
99.729576
99.739769
99.709152
99.688774
99.704079
99.709167
99.714287
99.734680
99.714272
99.683670
99.683594
99.714256
99.678574
99.688774
99.683670
99.698982
99.714287
99.714287
99.714272
99.749977
99.729591
99.719391
99.709183
99.714241
99.698967
99.714272
99.714256
99.729561
99.724480
99.729561
99.739769
99.749985
99.750000
99.734695
99.744888
99.729561
99.704071
99.683670
99.678574
99.709183
99.698967
99.698967
99.693878
99.704048
99.693863
99.698982
99.709167
99.683670
99.688774
99.719391
99.709183
99.688759
99.698952
99.698952
99.744888
99.734680
99.739784
99.719391
99.709167
99.693817
99.668365
99.658165
99.668350
99.673447
99.668320
99.668335
99.698982
99.698929
99.704048
99.714256
99.678543
99.683662
99.709167
99.678543
99.663216
99.673439
99.688774
99.709145
99.729576
99.673470
99.714272
99.709167
99.729591
99.739784
99.729591
99.744888
99.775497
99.755104
99.755104
99.749985
99.739769
99.734695
99.709167
99.714272
99.688774
99.653023
99.653023
99.668335
99.622429
99.632576
99.632614
99.642822
99.688774
99.688744
99.714287
99.673439
99.693863
99.688774
99.704041
99.683662
99.693832
99.678551
99.683670
99.704018
99.698967
99.719391
99.714241
99.693863
99.688774
99.744896
99.673447
99.658165
99.637733
99.658142
99.668365
99.688759
99.698952
99.678490
99.658142
99.663231
99.658112
99.668350
99.658127
99.668350
99.698952
99.709152
99.709167
99.693878
99.714256
99.714287
99.749985
99.755104
99.755081
99.744888
99.724487
99.704071
99.698982
99.709183
99.704079
99.709183
99.709167
99.658142
99.673470
99.709152
99.698982
99.734695
99.724480
99.744888
99.729576
99.744888
99.734695
99.755089
99.760178
99.739784
99.750000
99.704079
99.688728
99.688774
99.663246
99.658142
99.678520
99.678574
99.683670
99.653061
99.632629
99.663261
99.678551
99.673439
99.658165
99.663261
99.663231
99.663261
99.673447
99.637718
99.642838
99.663231
99.632599
99.627533
99.596901
99.612244
99.602043
99.581635
99.622429
99.683662
99.719376
99.714287
99.724487
99.704041
99.698982
99.704048
99.678505
99.698967
99.709167
