0.492667
0.493870
0.494877
0.495282
0.495682
0.495279
0.495883
0.499100
0.500707
0.499501
0.499503
0.497290
0.495880
0.493473
0.492868
0.494275
0.492468
0.492064
0.493474
0.493869
0.495879
0.495882
0.496082
0.495479
0.494880
0.495078
0.497691
0.496087
0.493470
0.493268
0.494877
0.494475
0.495480
0.497693
0.497689
0.496686
0.498095
0.497493
0.496282
0.494878
0.494475
0.494273
0.495077
0.493272
0.494876
0.493268
0.493872
0.493470
0.495684
0.494476
0.586338
0.677591
0.780104
0.863318
0.949555
1.044828
1.131462
1.222721
1.309765
1.386739
1.465939
1.549560
1.641829
1.744526
1.828152
1.914588
1.998400
2.091872
2.181717
2.266747
2.362838
2.457100
2.566242
2.666152
2.755790
2.844238
2.940118
3.049673
3.155999
3.275196
3.377716
3.499899
3.618522
3.762442
3.892872
4.048065
4.191566
4.340721
4.492873
4.669557
4.852884
5.044241
5.237461
5.444232
5.656562
5.891883
6.123040
6.377124
6.628395
6.895519
7.200445
7.498739
7.783348
8.098742
8.393401
8.714442
9.029821
9.369466
9.726109
10.080905
10.415498
10.773934
11.146399
11.537379
11.912811
12.329472
12.751083
13.202211
13.617113
14.060359
14.544121
15.017578
15.501030
15.990988
16.518459
17.058762
17.592598
18.191065
18.765980
19.356939
19.956543
20.582998
21.236423
21.877966
22.523060
23.233398
24.009745
24.734272
25.503021
26.250654
27.012625
27.835342
28.663836
29.536884
30.420422
31.291849
32.188744
33.121876
34.027275
34.940773
35.872707
36.835651
37.813065
38.800915
39.779861
40.814556
41.823971
42.878277
43.918053
44.973648
46.044422
47.103519
48.234573
49.326130
50.448948
51.587242
52.697392
53.833473
54.932465
56.068344
57.228256
58.365746
59.499733
60.619099
61.715500
62.814068
63.905453
65.005150
66.069748
67.158997
68.219032
69.264320
70.310295
71.348343
72.370651
73.356934
74.307739
75.279907
76.235374
77.148544
78.035179
78.923019
79.785332
80.623886
81.429344
82.222679
82.990959
83.726196
84.453468
85.147736
85.816887
86.475777
87.104523
87.690254
88.279167
88.835373
89.380501
89.904724
90.397987
90.874771
91.327438
91.754761
92.167824
92.559799
92.933266
93.293266
93.631958
93.954971
94.267342
94.576279
94.855476
95.134674
95.392563
95.623718
95.855469
96.094879
96.299095
96.492462
96.684418
96.859497
97.030548
97.186333
97.343918
97.491257
97.630348
97.762009
97.877586
97.997589
98.112762
98.220901
98.318993
98.411057
98.498894
98.578087
98.661911
98.732864
98.798592
98.867737
98.922607
98.988945
99.043617
99.096886
99.144325
99.192963
99.235573
99.278191
99.318390
99.354774
99.391350
99.423920
99.451660
99.479996
99.507736
99.530853
99.553970
99.575684
99.601814
99.624321
99.644424
99.662712
99.678391
99.694672
99.709747
99.725029
99.740097
99.753571
99.766228
99.778488
99.789146
99.797791
99.807640
99.817688
99.829346
99.837181
99.844620
99.850052
99.857292
99.861908
99.868340
99.873367
99.879997
99.884621
99.889648
99.894073
99.895081
99.899902
99.902916
99.906738
99.910149
99.912560
99.917587
99.921211
99.922005
99.924423
99.927643
99.929245
99.932259
99.933472
99.935074
99.937691
99.940300
99.942108
99.943115
99.944122
99.944519
99.946335
99.947342
99.948746
99.949348
99.950752
99.951355
99.952164
99.951759
99.952766
99.954170
99.955574
99.955780
99.955780
99.956985
99.957787
99.958191
99.959602
99.959999
99.961609
99.961403
99.962410
99.961403
99.961403
99.962212
99.961609
99.961609
99.962410
99.962616
99.962410
99.963615
99.964622
99.964424
99.964020
99.964218
99.964424
99.964622
99.964218
99.963219
99.964218
99.964424
99.963821
99.964218
99.964218
99.963821
99.964424
99.964424
99.964622
99.964821
99.964424
99.964424
99.963821
99.963417
99.963821
99.964218
99.964821
99.965828
99.964622
99.964622
99.964821
99.964622
99.964622
99.964218
99.963219
99.963219
99.964020
99.964218
99.963821
99.963615
99.962410
99.962814
99.963219
99.962814
99.962814
99.963821
99.965225
99.964821
99.965027
99.965431
99.965027
99.965225
99.964622
99.966431
99.967232
99.967834
99.967644
99.967644
99.968040
99.967438
99.967033
99.966431
99.965630
99.965630
99.966637
99.967033
99.966637
99.966835
99.966637
99.967834
99.966835
99.966835
99.966431
99.966431
99.967232
99.966637
99.966034
99.966637
99.967232
99.967834
99.968643
99.968842
99.967834
99.968246
99.967834
99.967033
99.967438
99.968040
99.966637
99.967644
99.967438
99.966034
99.966232
99.965828
99.965027
99.965431
99.965431
99.966431
99.966637
99.967644
99.967438
99.967834
99.967644
99.968437
99.967834
99.968040
99.967232
99.967438
99.966637
99.967232
99.967033
99.967644
99.967033
99.967232
99.967232
99.966637
99.967033
99.968246
99.968643
99.968246
99.968437
99.968643
99.969048
99.968643
99.969650
99.969444
99.969246
99.969048
99.968842
99.968842
99.969650
99.970650
99.970650
99.970650
99.969650
99.969048
99.968437
99.968246
99.967644
99.968437
99.968437
99.968842
99.968437
99.968246
99.966835
99.966232
99.966431
99.966431
99.965630
99.964218
99.964424
99.965225
99.965225
99.965431
99.965431
99.965225
99.965630
99.966232
99.967644
99.967033
99.966431
99.966431
99.967232
99.967033
99.966835
99.967232
99.966835
99.967232
99.967834
99.968246
99.968842
99.968842
99.968842
99.969048
99.968842
99.968643
99.968246
99.967834
99.968246
99.967438
99.967232
99.967033
99.966637
99.967438
99.966637
99.967033
99.966232
99.967033
99.966232
99.966431
99.966431
99.967033
99.967232
99.967033
99.967644
99.968040
99.969444
99.968246
99.967834
99.965431
99.965027
99.964622
99.964424
99.964424
99.964020
99.965630
99.966232
99.966835
99.967033
99.967232
99.966637
99.967438
99.967232
99.967232
99.966637
99.968040
99.968040
99.968040
99.968246
99.968040
99.967033
99.966232
99.966835
99.967033
99.966431
99.967033
99.967232
99.966232
99.966431
99.967834
99.968040
99.968040
99.968246
99.967644
99.968246
99.968040
99.967438
99.967644
99.967834
99.968246
99.967232
99.968643
99.970047
99.969444
99.969444
99.970047
99.969048
99.969048
99.968842
99.969048
99.968040
99.968040
99.968246
99.968643
99.966835
99.966637
99.966637
99.966835
99.966232
99.966637
99.966637
99.966835
99.966835
99.967644
99.968643
99.969444
99.968246
99.968643
99.968643
99.968246
99.968643
99.969048
99.969246
99.969444
99.968643
99.968842
99.968040
99.967644
99.967644
99.967033
99.966232
99.966835
99.966232
99.966232
99.965828
99.965431
99.965225
99.966431
99.966232
99.965828
99.965828
99.966232
99.966835
99.967438
99.966431
99.965431
99.964424
99.965225
99.965828
99.965630
99.965828
99.966232
99.966232
99.967438
99.967644
99.967834
99.968040
99.968437
99.969650
99.968643
99.969246
99.968842
99.968246
99.967644
99.967644
99.967644
99.967438
99.966637
99.966431
99.966637
99.967834
99.967834
99.968040
99.968040
99.967644
99.967232
99.967438
99.966232
99.966034
99.965828
99.967033
99.967438
99.968040
99.968437
99.968040
99.968437
99.967644
99.968040
99.967232
99.967644
99.967644
99.968040
99.968437
99.969246
99.968842
99.969048
99.968246
99.968842
99.967644
99.968040
99.968246
99.967644
99.968040
99.968040
99.967232
99.967438
99.968040
99.967438
99.967438
99.967834
99.968437
99.968246
99.968040
99.967644
99.967232
99.967438
99.967438
99.967438
99.967438
99.968246
99.967834
99.967834
99.967438
99.967232
99.967644
99.968246
99.967438
99.966835
99.967438
99.967644
99.967232
99.966835
99.965225
99.964622
99.964821
99.965027
99.964020
99.964424
99.964622
99.963821
99.964424
99.964622
99.965431
99.965431
99.965431
99.965828
99.965431
99.966637
99.966431
99.966431
99.967232
99.966232
99.966232
99.966637
99.966835
99.966637
99.966835
99.967438
99.967644
99.967834
99.968246
99.968643
99.969048
99.969246
99.969444
99.969849
99.969849
99.970856
99.970451
99.969849
99.970253
99.970856
99.969849
99.969650
99.970047
99.968842
99.968643
99.969048
99.969444
99.968643
99.968246
99.967644
99.967033
99.966835
99.966232
99.965828
99.966431
99.965630
99.965431
99.966637
99.966835
99.965828
99.965431
99.965431
99.965027
99.965225
99.964821
99.964622
99.964424
99.965225
99.965225
99.964424
99.964622
99.965027
99.965225
99.965027
99.964821
99.965027
99.964622
99.964622
99.964424
99.965225
99.964424
99.964622
99.965431
99.966034
99.965225
99.965431
99.965225
99.965828
99.965225
99.966431
99.966431
99.967232
99.967232
99.967232
99.967033
99.967834
99.967438
99.967644
99.967438
99.967834
99.967033
99.966835
99.966835
99.967644
99.968437
99.968643
99.968643
99.968643
99.968643
99.969048
99.968842
99.969048
99.968643
99.968246
99.967438
99.967834
99.968246
99.968040
99.968643
99.969048
99.968040
99.967834
99.967644
99.967232
99.966232
99.965828
99.965630
99.965431
99.965225
99.965225
99.965431
99.964218
99.964218
99.963821
99.963821
99.963219
99.964020
99.964218
99.963615
99.964020
99.962814
99.964218
99.963821
99.963821
99.965225
99.966034
99.965431
99.965828
99.965630
99.965225
99.966034
99.966835
99.966232
99.966034
99.965630
99.965630
99.965630
99.965225
99.966431
99.966431
99.967033
99.967232
99.967834
99.967644
99.967232
99.966431
99.966637
99.966034
99.966431
99.966431
99.966637
99.967033
99.966637
99.966637
99.966232
99.967033
99.966034
99.966034
99.965431
99.965027
99.965828
99.966431
99.966431
99.966232
99.966232
99.967644
99.966637
99.966431
99.967232
99.967834
99.968437
99.967834
99.968040
99.967644
99.967644
99.967438
99.966431
99.966431
99.966431
99.966431
99.966835
99.966835
99.966637
99.966034
99.965630
99.966034
99.965828
99.965630
99.966034
99.965828
99.966232
99.967438
99.967644
99.967033
99.966835
99.966835
99.966835
99.965828
99.966431
99.966835
99.966431
99.966835
99.965630
99.965828
99.966637
99.967232
99.966637
99.967834
99.967644
99.967438
99.967033
99.967438
99.966637
99.966232
99.966637
99.966835
99.966232
99.966835
99.967033
99.966637
99.966431
99.966431
99.966431
99.965431
99.965225
99.965225
99.965225
99.965431
99.966232
99.966034
99.966835
99.966431
99.966835
99.966835
99.967232
99.967232
99.967644
99.967232
99.967644
99.968437
99.968246
99.966835
99.966835
99.966431
99.965431
99.965027
99.965225
99.965027
99.964821
99.965225
99.964622
99.964424
99.964218
99.963615
99.963417
