1.944374
1.965389
1.944870
1.928867
1.883134
1.903352
1.903741
1.857806
1.843247
1.821707
1.816605
1.847316
1.811779
1.760743
1.765937
1.776507
1.765396
1.725282
1.699240
1.709445
1.755371
1.755819
1.725106
1.730210
1.719914
1.684017
1.694223
1.694223
1.694569
1.673896
1.678914
1.658586
1.664454
1.679257
1.648296
1.663860
1.668963
1.705039
1.694137
1.725194
1.730121
1.755640
1.781157
1.775963
1.801296
1.745521
1.771041
1.730386
1.694137
1.668623
3.281450
5.143382
6.528175
8.130040
9.723356
11.007910
12.720776
14.249259
15.598531
17.256863
18.670273
20.380768
22.242065
24.490942
27.603106
31.266584
35.391365
40.533783
46.091438
51.071651
56.768894
61.674660
67.037514
71.525505
75.665886
79.824471
83.784882
87.219391
90.632652
93.076172
95.015305
96.550842
97.581635
98.198982
98.739799
99.086739
99.295921
99.403061
99.500000
99.540817
99.561226
99.596939
99.617348
99.642853
99.653061
99.678574
99.704048
99.668365
99.673470
99.642838
99.607124
99.627548
99.627548
99.622444
99.586739
99.607124
99.632614
99.642838
99.581589
99.581589
99.571404
99.607124
99.617325
99.607101
99.627510
99.647957
99.673470
99.607124
99.612206
99.647919
99.693878
99.658165
99.632576
99.556076
99.607101
99.571381
99.561203
99.576508
99.550972
99.525467
99.510124
99.545898
99.505051
99.525467
99.566307
99.591797
99.627548
99.535690
99.571434
99.581566
99.591797
99.612221
99.632599
99.653061
99.637756
99.647919
99.668350
99.688744
99.668365
99.647903
99.622444
99.617348
99.617325
99.637733
99.653038
99.668320
99.668335
99.647957
99.658142
99.678551
99.668335
99.632614
99.642822
99.698921
99.719360
99.744896
99.780617
99.765305
99.739784
99.734695
99.719391
99.704071
99.698967
99.688774
99.693878
99.704071
99.704071
99.724480
99.739769
99.709167
99.714256
99.698952
99.637718
99.653061
99.617325
99.642838
99.668320
99.653038
99.632614
99.688759
99.744873
99.724487
99.729591
99.719307
99.739746
99.704041
99.698982
99.714272
99.744873
99.714287
99.698982
99.709183
99.704071
99.693863
99.668236
99.663261
99.622444
99.632652
99.617294
99.637718
99.673447
99.724480
99.775490
99.775513
99.749985
99.724480
99.729561
99.709167
99.709152
99.704079
99.683662
99.673439
99.647888
99.688728
99.678551
99.703995
99.714256
99.714287
99.760178
99.749985
99.693878
99.714241
99.704048
99.688759
99.704071
99.688744
99.663231
99.652969
99.678551
99.673470
99.734680
99.688774
99.668350
99.642838
99.612221
99.627510
99.622314
99.673401
99.647942
99.688728
99.734680
99.704048
99.719376
99.714241
99.714287
99.698929
99.704048
99.729561
99.698982
99.678574
99.663261
99.673439
99.673470
99.663231
99.678543
99.668320
99.698952
99.714256
99.734695
99.714287
99.673439
99.653061
99.683640
99.688774
99.709152
99.683662
99.688774
99.688774
99.714272
99.749931
99.755066
99.739784
99.744888
99.760208
99.765297
99.704079
99.693802
99.668365
99.673470
99.719391
99.673439
99.668365
99.653061
99.642838
99.698952
99.709167
99.698982
99.709183
99.698952
99.663231
99.678520
99.704048
99.729591
99.734695
99.729591
99.744888
99.755104
99.729591
99.749985
99.698929
99.698967
99.627495
99.632500
99.637680
99.658112
99.693832
99.688759
99.739769
99.719391
99.739799
99.709152
99.714287
99.749962
99.739799
99.755089
99.734680
99.744896
99.749985
99.724457
99.724487
99.704071
99.704079
99.693878
99.673439
99.668335
99.683609
99.678574
99.698967
99.724457
99.755089
99.765297
99.724457
99.693878
99.698929
99.704079
99.678505
99.668350
99.653023
99.709183
99.729561
99.739769
99.755089
99.765236
99.770409
99.755104
99.739799
99.724480
99.724487
99.698967
99.719376
99.704079
99.683640
99.714272
99.663231
99.632629
99.642822
99.698982
99.683640
99.658165
99.622391
99.622375
99.632614
99.678551
99.719376
99.673424
99.673439
99.673470
99.647888
99.647865
99.668266
99.642784
99.653038
99.637718
99.642853
99.663231
99.653038
99.678574
99.709145
99.688744
99.673386
99.637718
99.612244
99.642822
99.622330
99.652985
99.678574
99.683640
99.647919
99.632614
99.642838
99.653038
99.673424
99.709167
99.673439
99.678543
99.678551
99.668335
99.688744
99.688759
99.704079
99.663246
99.642853
99.637756
99.647919
99.668365
99.688728
99.719307
99.698929
99.709152
99.734695
99.770409
99.739784
99.755089
99.734695
99.734665
99.734680
99.688728
99.714211
99.683624
99.673447
99.688713
99.693863
99.663246
99.663216
99.673447
99.673439
99.698952
99.683662
99.678520
99.683640
99.683670
99.734695
99.719307
99.704071
99.678574
99.683640
99.693817
99.663246
99.693863
99.709152
99.698952
99.693848
99.678505
99.678551
99.678543
99.724487
99.755089
99.765282
99.744873
99.760208
99.760208
99.709167
99.729591
99.734695
99.709183
99.688744
99.678520
99.668335
99.617310
99.642838
99.658127
99.653038
99.668335
99.622391
99.632629
99.642838
99.647888
99.632629
99.642853
99.647919
99.714272
99.714287
99.719376
99.750000
99.719376
99.714272
99.704071
99.683624
99.678551
99.729538
99.724449
99.755066
99.750000
99.739799
99.770409
99.780586
99.780617
99.749977
99.739799
99.719360
