0.484828
0.485032
0.484627
0.486838
0.487242
0.487239
0.485226
0.483824
0.485837
0.487442
0.488044
0.487044
0.485434
0.485836
0.484429
0.481812
0.481014
0.482621
0.482422
0.480207
0.479802
0.479405
0.478394
0.476995
0.477590
0.477800
0.479200
0.481210
0.481615
0.481816
0.483622
0.481610
0.480208
0.480407
0.482215
0.480808
0.480613
0.478597
0.480606
0.479201
0.477597
0.479201
0.480007
0.480205
0.480003
0.479002
0.479401
0.480408
0.480209
0.478600
0.648851
0.835786
1.007250
1.196396
1.376703
1.555795
1.731464
1.903529
2.092701
2.291476
2.463939
2.654504
2.823534
2.999427
3.180554
3.354814
3.516632
3.696356
3.854132
4.048282
4.233636
4.400307
4.574911
4.772520
4.943769
5.141368
5.314838
5.482836
5.653111
5.849719
6.041291
6.243065
6.472226
6.705006
6.953651
7.186447
7.434216
7.715918
8.052961
8.410687
8.811563
9.273241
9.797162
10.355564
10.996603
11.684717
12.505176
13.272616
14.205484
15.108122
16.113932
17.161045
18.210234
19.276051
20.391439
21.525154
22.713705
23.818426
24.982010
26.115194
27.270662
28.433567
29.621946
30.815447
31.983576
33.128510
34.304600
35.512115
36.748489
37.987518
39.362892
40.678555
42.085163
43.511818
45.029106
46.576778
48.162205
49.865929
51.611565
53.450157
55.332504
57.283218
59.314896
61.296482
63.288773
65.356842
67.333809
69.282211
71.276062
73.172806
74.989548
76.762566
78.473923
80.133026
81.701469
83.195580
84.597992
85.934471
87.212585
88.408417
89.525429
90.538673
91.495667
92.376686
93.186531
93.925827
94.606834
95.220703
95.776886
96.260498
96.701103
97.098083
97.447639
97.757790
98.022713
98.259903
98.466934
98.658691
98.829742
98.973671
99.102516
99.207039
99.306938
99.395378
99.466934
99.530449
99.589348
99.641205
99.686432
99.725426
99.755775
99.784523
99.805626
99.830353
99.849045
99.860703
99.871758
99.885429
99.895477
99.905327
99.913368
99.916985
99.921608
99.926033
99.930855
99.936081
99.938896
99.943718
99.943718
99.945930
99.948944
99.950150
99.949142
99.950958
99.952560
99.951958
99.954773
99.955376
99.957184
99.956177
99.957184
99.956985
99.957787
99.959793
99.959999
99.960602
99.961403
99.962212
99.961815
99.962006
99.961815
99.958992
99.958389
99.958992
99.960403
99.960800
99.963417
99.963615
99.963417
99.961609
99.961609
99.961609
99.962410
99.962814
99.963821
99.964218
99.964424
99.964424
99.965225
99.964218
99.966034
99.965225
99.964622
99.964424
99.964424
99.964622
99.964218
99.965225
99.964020
99.965828
99.965630
99.964218
99.964424
99.964821
99.964622
99.964020
99.963417
99.963821
99.964020
99.964424
99.964622
99.965225
99.967232
99.967232
99.968246
99.969246
99.968246
99.968842
99.968040
99.966835
99.966835
99.967033
99.966431
99.964020
99.963821
99.964020
99.963013
99.962006
99.962410
99.962410
99.964821
99.964218
99.962814
99.962616
99.963417
99.963219
99.960205
99.961403
99.961006
99.960403
99.959602
99.960602
99.960800
99.959602
99.960602
99.961609
99.961815
99.962616
99.963417
99.962410
99.961205
99.960800
99.960403
99.960205
99.961006
99.961006
99.961815
99.958992
99.959999
99.959198
99.959396
99.957993
99.957993
99.959198
99.959198
99.961006
99.960800
99.960602
99.961815
99.962212
99.961006
99.960205
99.959602
99.960403
99.962212
99.962814
99.963219
99.963417
99.964821
99.965027
99.964218
99.962410
99.963615
99.961403
99.960205
99.960602
99.958992
99.958191
99.959396
99.957588
99.956985
99.957787
99.958992
99.959602
99.960602
99.962410
99.963013
99.963615
99.963417
99.963219
99.963219
99.959793
99.959198
99.957787
99.958191
99.960205
99.960205
99.959602
99.957184
99.956581
99.958389
99.958794
99.959793
99.959793
99.959999
99.962006
99.963219
99.964424
99.964020
99.963821
99.961609
99.962814
99.963013
99.963219
99.963417
99.965225
99.965027
99.965027
99.963013
99.963417
99.960800
99.961815
99.961006
99.961205
99.962616
99.962616
99.962410
99.961609
99.963615
99.963615
99.964218
99.965828
99.966034
99.966232
99.966835
99.966431
99.966431
99.965828
99.964622
99.964821
99.964020
99.964424
99.962814
99.959999
99.959793
99.958992
99.958595
99.959602
99.960403
99.959793
99.961006
99.960800
99.961815
99.960205
99.959793
99.957588
99.957993
99.958794
99.960403
99.961006
99.960800
99.961205
99.963013
99.963417
99.964020
99.962410
99.962212
99.963013
99.964020
99.963417
99.963013
99.964020
99.963821
99.963417
99.963417
99.965027
99.964424
99.964218
99.965027
99.964424
99.963821
99.964821
99.965225
99.964821
99.963219
99.961205
99.960800
99.960403
99.959396
99.958992
99.959396
99.958595
99.958992
99.959602
99.960403
99.960602
99.960800
99.961403
99.962212
99.962006
99.960602
99.962410
99.962006
99.959793
99.959793
99.958191
99.958595
99.956787
99.958794
99.958794
99.960403
99.960205
99.961006
99.961205
99.958992
99.960205
99.958992
99.959198
99.959793
99.960403
99.960602
99.961403
99.962616
99.963821
99.963615
99.964218
99.965027
99.965225
99.967033
99.967834
99.967644
99.967644
99.967033
99.965828
99.966835
99.966835
99.968040
99.967438
99.965225
99.964821
99.964622
99.965630
99.965630
99.964821
99.966232
99.966431
99.966034
99.965431
99.963013
99.963821
99.963219
99.964218
99.964622
99.965225
99.965431
99.966034
99.965828
99.965431
99.965431
99.966431
99.965431
99.964821
99.965027
99.965225
99.965225
99.964821
99.964020
99.962410
99.962814
99.963417
99.962616
99.962006
99.961609
99.959602
99.959198
99.959396
99.959602
99.958794
99.959198
99.959396
99.958794
99.960800
99.961205
99.963013
99.961609
99.961609
99.962006
99.959999
99.960403
99.959793
99.961205
99.959793
99.961609
99.962410
99.962814
99.962814
99.962814
99.961403
99.961006
99.961609
99.961205
99.961609
99.962006
99.963821
99.964622
99.964821
99.965828
99.966034
99.963821
99.963417
99.963013
99.962616
99.964622
99.963821
99.963615
99.964020
99.962616
99.962616
99.963615
99.960800
99.962212
99.963219
99.962212
99.961609
99.960205
99.959999
99.959198
99.958794
99.958595
99.957184
99.958794
99.959198
99.961403
99.962212
99.962006
99.962814
99.962814
99.961609
99.961205
99.961403
99.959602
99.958992
99.960403
99.957390
99.957184
99.958191
99.958992
99.959999
99.959999
99.961006
99.961815
99.963013
99.966034
99.965431
99.965828
99.966232
99.966637
99.966637
99.967033
99.966637
99.965431
99.965630
99.965828
99.965828
99.964424
99.964622
99.964821
99.965027
99.964622
99.963417
99.963417
99.963417
99.964020
99.963219
99.961006
99.961205
99.959602
99.959999
99.960205
99.960800
99.961609
99.961815
99.963219
99.963417
99.963417
99.964424
99.964020
99.965027
99.964821
99.966232
99.966034
99.966034
99.965828
99.965431
99.965828
99.964821
99.964622
99.963013
99.964622
99.964622
99.965630
99.965828
99.965027
99.967033
99.965630
99.966637
99.966835
99.965630
99.967232
99.966232
99.964218
99.965225
99.965828
99.964821
99.965225
99.965225
99.965225
99.963417
99.963821
99.965828
99.965431
99.966034
99.967438
99.967232
99.966431
99.965431
99.965027
99.965630
99.965431
99.966232
99.966431
99.965027
99.965431
99.963219
99.963821
99.962814
99.963417
99.962814
99.963013
99.962814
99.963615
99.963821
99.959999
99.960205
99.960205
99.959999
99.961609
99.962616
99.963615
99.964622
99.963821
99.963821
99.965027
99.964622
99.966232
99.966034
99.966637
99.965225
99.965630
99.965431
99.965828
99.965828
99.965225
99.965431
99.966431
99.965431
99.965431
99.965630
99.966431
99.965630
99.965027
99.965225
99.967232
99.967033
99.967232
99.966637
99.967033
99.966835
99.966232
99.965225
99.966637
99.966034
99.967033
99.966637
99.965027
99.964622
99.965027
99.965225
99.964821
99.965027
99.966034
99.966232
99.967232
99.966225
99.967033
99.967033
99.967438
99.967644
99.967438
99.968437
99.968246
99.967644
99.968842
99.968842
99.968040
99.967438
99.967438
99.966835
99.967232
99.966431
99.966637
99.967438
99.966034
99.964821
99.963013
99.962616
99.961609
99.961815
99.959602
99.959198
99.959602
99.959999
99.960403
99.962006
99.962814
99.964424
99.964218
99.964622
99.965027
99.965630
99.966034
99.967033
99.966637
99.966034
99.966034
99.964622
99.964622
99.964424
99.965027
99.965225
99.964218
99.964020
99.963219
99.963417
99.964622
99.965828
99.964622
99.964821
99.962616
99.962814
99.963219
99.962608
99.963615
99.964218
99.964218
99.964424
99.965027
99.965431
99.966034
99.965225
99.964821
99.964020
99.961609
99.962006
99.961609
99.961815
99.959999
99.960800
99.962006
99.961815
99.962006
99.963417
99.965431
99.965431
99.965225
99.965225
99.966431
99.965630
99.964424
99.964020
99.963615
99.960602
99.959793
99.960602
99.959999
99.957993
99.958191
99.959999
99.959602
99.960205
99.961609
99.962814
99.963417
99.964020
99.964424
99.963615
99.964218
99.963219
99.964622
99.959793
99.959396
99.958794
99.958595
99.957993
99.955376
99.956383
99.956383
99.955978
99.957588
99.957993
99.959396
99.959396
99.960205
99.961815
99.960800
99.961815
99.961815
99.963013
99.963013
99.962616
99.961815
99.961403
99.959198
99.959602
99.960800
99.960602
99.961609
99.961205
99.960602
99.962006
99.963615
99.964218
99.965027
99.964020
99.965431
99.965828
99.966232
99.966637
99.966637
99.967834
99.967232
99.967438
99.966431
99.965828
99.965630
99.966835
99.966835
99.966637
99.961815
99.963417
99.963417
99.965027
99.965027
99.965027
99.965225
99.966431
99.966232
99.966034
99.964622
99.962410
99.962212
99.960602
99.960602
99.961006
99.962212
99.962212
99.961815
99.962410
99.961205
99.963013
99.960800
99.962006
99.961815
99.962006
99.962616
99.961815
99.962006
99.962814
99.963615
99.964020
99.964424
99.963821
99.963821
99.964622
99.964821
99.964821
99.965027
99.966431
99.964622
99.964020
99.963615
99.963219
99.962006
99.962616
99.962212
99.962616
99.963219
99.962006
99.961403
99.961006
99.960800
99.961205
99.959396
99.959602
99.959999
99.960205
99.961006
99.960800
99.961815
99.962006
99.963013
99.962814
99.963219
99.963013
99.963417
99.964218
99.963821
99.962608
99.962608
99.962814
99.962212
99.961205
99.961403
99.960205
99.957993
99.956581
99.958595
99.959793
99.959793
99.960205
99.958992
99.958794
99.960403
99.962006
99.962410
99.963615
99.963219
99.963013
99.963417
99.963615
