0.509354
0.509151
0.507948
0.505734
0.501913
0.499503
0.499303
0.499097
0.496084
0.493876
0.491262
0.490856
0.486843
0.486639
0.486639
0.486837
0.486839
0.486232
0.485230
0.487446
0.487242
0.486640
0.488652
0.487036
0.487244
0.487444
0.486835
0.486638
0.486233
0.484832
0.485429
0.486433
0.487442
0.488645
0.488647
0.489253
0.488450
0.487246
0.487641
0.487042
0.485832
0.484831
0.485632
0.483420
0.484625
0.483823
0.484426
0.483220
0.482013
0.481011
0.629552
0.759612
0.891263
1.035787
1.185138
1.329471
1.471372
1.603829
1.751575
1.895686
2.022324
2.162631
2.303344
2.451717
2.588579
2.747576
2.893290
3.037631
3.179900
3.326466
3.479238
3.623770
3.757193
3.881647
4.017351
4.164037
4.327262
4.486276
4.627575
4.817737
4.967517
5.146816
5.319450
5.489491
5.697344
5.912811
6.148830
6.406885
6.683055
6.994858
7.312234
7.660935
8.027385
8.414322
8.882685
9.281978
9.811757
10.372725
10.918099
11.541933
12.215100
12.866338
13.565151
14.303864
15.022402
15.794499
16.527504
17.302818
18.124733
18.909662
19.699375
20.504522
21.262526
22.113834
22.934858
23.827080
24.723263
25.625080
26.487087
27.468195
28.473106
29.475958
30.535137
31.618673
32.685558
33.848511
35.036179
36.237221
37.493893
38.796539
40.099098
41.530617
42.972321
44.421886
45.968021
47.527828
49.119396
50.764320
52.482414
54.150463
55.868542
57.612122
59.305805
60.976852
62.653793
64.297287
65.908470
67.494408
69.099098
70.630295
72.124565
73.629349
75.077385
76.484421
77.877136
79.219055
80.513969
81.777687
83.011223
84.149719
85.304924
86.377457
87.390152
88.345322
89.261101
90.095070
90.907722
91.651062
92.350151
93.014656
93.625526
94.174072
94.680199
95.140701
95.576881
95.983315
96.350357
96.704926
97.017891
97.311554
97.566231
97.796982
98.011055
98.196182
98.368240
98.519997
98.667938
98.793770
98.913162
99.012062
99.108345
99.193169
99.275375
99.349548
99.413467
99.470352
99.522614
99.564217
99.600601
99.634377
99.668739
99.699699
99.724220
99.749748
99.770447
99.788345
99.802208
99.817482
99.833366
99.845627
99.858093
99.867340
99.877586
99.886635
99.894073
99.902115
99.907135
99.915573
99.921608
99.926231
99.930046
99.931862
99.934677
99.937691
99.940704
99.943718
99.946335
99.947945
99.947739
99.949142
99.951759
99.953171
99.954773
99.956581
99.956581
99.957184
99.957787
99.959396
99.958992
99.959793
99.959198
99.959198
99.959999
99.960205
99.961403
99.962212
99.962006
99.961609
99.962212
99.962006
99.962006
99.962616
99.963417
99.964218
99.965225
99.967232
99.968437
99.968040
99.968437
99.968643
99.968437
99.968246
99.967644
99.967644
99.966034
99.966835
99.965828
99.965027
99.965027
99.965431
99.966637
99.967438
99.967232
99.967834
99.968040
99.967834
99.967438
99.968246
99.968437
99.966835
99.966835
99.966232
99.965828
99.965431
99.964821
99.965630
99.966232
99.967033
99.966232
99.966637
99.966034
99.966637
99.967033
99.967644
99.968842
99.968437
99.968040
99.969650
99.969849
99.969246
99.969444
99.969444
99.968437
99.967033
99.967438
99.966637
99.965828
99.965431
99.964622
99.965630
99.966034
99.966431
99.965630
99.965225
99.966034
99.966034
99.967033
99.966637
99.966034
99.964622
99.964218
99.963821
99.964020
99.963417
99.963013
99.962616
99.962212
99.962212
99.962006
99.963615
99.963615
99.962212
99.962814
99.963219
99.964424
99.964424
99.964424
99.964424
99.964622
99.964622
99.965431
99.966637
99.964821
99.964622
99.964218
99.964218
99.963417
99.962212
99.962814
99.962616
99.963013
99.962212
99.962410
99.959999
99.960403
99.961205
99.962410
99.961815
99.962006
99.962410
99.960602
99.959999
99.961006
99.961815
99.961609
99.962006
99.962616
99.963821
99.963821
99.962212
99.962616
99.960602
99.959396
99.960403
99.961609
99.962616
99.963417
99.963417
99.963821
99.964020
99.965027
99.965225
99.966034
99.966637
99.966835
99.967033
99.967438
99.966034
99.966431
99.966431
99.966034
99.966835
99.967438
99.968437
99.967834
99.968246
99.967834
99.966835
99.965225
99.964622
99.965225
99.964218
99.961205
99.960800
99.962006
99.962212
99.963219
99.964020
99.962814
99.961609
99.961609
99.962410
99.962814
99.963417
99.963821
99.963417
99.963013
99.962616
99.962212
99.962212
99.962006
99.963013
99.963615
99.963615
99.963417
99.963615
99.964424
99.965225
99.966232
99.965630
99.964821
99.964622
99.963417
99.964424
99.965225
99.966034
99.964622
99.965225
99.960800
99.960602
99.960602
99.959602
99.959198
99.959198
99.959602
99.958794
99.958992
99.958992
99.958794
99.959198
99.957787
99.959793
99.959602
99.960205
99.958191
99.958389
99.959793
99.962410
99.962410
99.962006
99.961609
99.961815
99.963219
99.963219
99.963615
99.963821
99.964424
99.964020
99.964821
99.965828
99.965828
99.965828
99.966034
99.966232
99.966637
99.966431
99.967438
99.965630
99.966835
99.966835
99.967033
99.966637
99.967033
99.967033
99.966431
99.966034
99.966431
99.967033
99.967232
99.967438
99.968437
99.966835
99.966431
99.964622
99.965225
99.966835
99.966637
99.966637
99.967834
99.968040
99.968246
99.968246
99.966835
99.967644
99.967232
99.968643
99.968643
99.967834
99.967644
99.968040
99.967644
99.968246
99.967232
99.967644
99.968040
99.967834
99.968437
99.968842
99.969650
99.969246
99.967834
99.967644
99.969048
99.968643
99.966431
99.966637
99.965630
99.966034
99.966232
99.966034
99.966034
99.968437
99.968437
99.967644
99.968437
99.969048
99.968246
99.966637
99.966034
99.967232
99.966835
99.967834
99.967644
99.967033
99.967438
99.966232
99.966835
99.966835
99.967438
99.967438
99.967033
99.966431
99.967644
99.968040
99.968437
99.969246
99.969048
99.968643
99.968643
99.968437
99.967834
99.967033
99.967644
99.967834
99.968040
99.968040
99.967232
99.967232
99.968437
99.968040
99.967438
99.966835
99.967438
99.966835
99.967033
99.964020
99.964020
99.964622
99.965431
99.966835
99.967438
99.969048
99.969849
99.969650
99.969048
99.969048
99.969246
99.970650
99.970253
99.969650
99.970047
99.969849
99.969650
99.970253
99.969849
99.969048
99.968246
99.967033
99.968040
99.966637
99.966232
99.963821
99.963417
99.962410
99.962212
99.962006
99.961609
99.961609
99.961815
99.960403
99.959999
99.961205
99.963013
99.963615
99.963417
99.963013
99.962410
99.964424
99.966034
99.965828
99.967033
99.966225
99.966637
99.966637
99.965630
99.965225
99.965828
99.962410
99.963219
99.962814
99.963219
99.962410
99.962212
99.961815
99.962006
99.963821
99.963219
99.963013
99.962814
99.962212
99.963821
99.965027
99.964424
99.966232
99.965431
99.965828
99.965630
99.964821
99.965027
99.964821
99.965225
99.964622
99.965225
99.966637
99.965828
99.966431
99.966637
99.966835
99.967834
99.966431
99.967033
99.968040
99.968643
99.967232
99.967033
99.966835
99.966835
99.965828
99.967033
99.967033
99.966431
99.967033
99.966637
99.966637
99.967033
99.966431
99.966637
99.967438
99.968643
99.968643
99.968040
99.967438
99.967834
99.966637
99.965828
99.965431
99.965828
99.966034
99.966232
99.966835
99.966034
99.965027
99.965225
99.966034
99.965828
99.965431
99.966034
99.966637
99.966034
99.967834
99.967644
99.967438
99.968040
99.967644
99.968437
99.967644
99.968643
99.969048
99.970253
99.970650
99.970253
99.970047
99.970047
99.969444
99.969246
99.970650
99.969650
99.969246
99.968842
99.967232
99.967834
99.966835
99.966637
99.965431
99.965225
99.964622
99.964424
99.964622
99.964622
99.965431
99.966835
99.966232
99.966232
99.967834
99.967644
99.968842
99.968040
99.968040
99.969246
99.966431
99.966835
99.968246
99.967438
99.967438
99.966034
99.965225
99.965225
99.964020
99.963821
99.963821
99.963417
99.963821
99.962212
99.961006
99.959396
99.959602
99.959793
99.957787
99.958389
99.959602
99.960602
99.961815
99.960800
99.961403
99.957588
99.957993
99.958191
99.958794
99.960403
99.961006
99.961205
99.961006
99.961609
99.961609
99.961815
99.961609
99.960800
99.959198
99.959793
99.960205
99.960205
99.959793
99.960602
99.961609
99.962410
99.963417
99.962814
99.964020
99.964424
99.963417
99.962814
99.962814
99.963417
99.962616
99.964424
99.963821
99.964218
99.964424
99.965225
99.965431
99.964821
99.964821
99.965027
99.965027
99.965431
99.967033
99.967438
99.967232
99.963615
99.965225
99.965431
99.964821
99.963615
99.963219
99.963219
99.963615
99.964424
99.965225
99.964622
99.965431
99.965027
99.964424
99.964622
99.965225
99.966637
99.967438
99.967644
99.966835
99.966034
99.965630
99.966431
99.966232
99.967033
99.965630
99.966034
99.966431
99.966232
99.965431
99.964020
99.964218
99.965431
99.965630
99.965630
99.964622
99.964218
99.963219
99.962616
99.963013
99.961006
99.961205
99.960403
99.959793
99.960602
99.961609
99.962006
99.960602
99.959198
99.960403
99.961205
99.961403
99.961609
99.962212
99.962616
99.963219
99.962410
99.962814
99.962212
99.963615
99.964821
99.965431
99.965225
99.965630
99.966034
99.966232
99.967438
99.967644
99.967438
99.967438
99.967232
99.966835
99.966637
99.965027
99.964424
99.964622
99.962616
99.963219
99.963013
99.965431
99.966637
99.965828
99.964821
99.963615
99.963013
99.962410
99.961006
99.960800
99.962006
99.961815
99.962616
99.963615
99.962410
99.962410
99.964622
99.964020
99.963615
99.964218
99.964020
99.965828
99.966637
99.967033
99.967644
99.968437
99.968842
99.969246
99.968643
99.969444
99.968842
99.968643
99.969444
99.968040
99.966835
99.967033
99.967232
99.967834
99.967232
99.967232
99.965431
99.965225
99.966034
99.964821
99.964622
99.966034
99.966034
99.966034
99.965828
99.965828
99.965630
99.965828
99.964821
99.964821
99.965027
99.964424
99.964424
99.963417
99.963219
99.963417
99.964020
99.963013
99.963615
99.964218
99.964622
99.964218
99.966232
99.966232
99.967834
99.966431
99.967033
99.967033
99.965828
99.965828
99.965828
99.966637
99.966835
99.966431
99.964622
99.964424
99.964622
99.963013
99.962410
99.963219
99.963821
99.964622
99.965431
99.966232
99.966835
99.965630
99.965027
99.965027
99.964218
99.964622
99.964622
99.964424
99.964622
99.964218
99.964622
99.962006
99.961609
99.961205
99.961815
99.961815
99.960403
99.960800
99.961006
99.961609
99.961815
99.961403
99.961205
99.961609
99.960205
99.960205
