1.959384
1.938776
1.954181
1.974490
1.933969
1.918661
1.908261
1.898056
1.918465
1.943878
1.918661
1.933772
1.928670
1.923469
1.918367
1.928670
1.943878
1.938874
1.933673
1.908163
1.872640
1.888044
1.898153
1.831820
1.836922
1.862435
1.857332
1.872640
1.888237
1.898056
1.877551
1.842025
1.857427
1.857332
1.857143
1.857143
1.852041
1.857332
1.831633
1.821429
1.862340
1.898153
1.903061
1.862245
1.867442
1.852135
1.806122
1.811317
1.831726
1.806122
2.168478
2.638024
3.087050
3.597306
4.143280
4.628023
5.164056
5.683673
6.179832
6.714971
7.240904
7.867748
8.343114
9.051945
9.684168
10.521482
11.337892
12.158164
12.989796
13.834455
14.792326
15.854467
16.880135
17.931314
18.959185
20.377550
21.567427
22.830025
24.112246
25.588041
26.984695
28.275511
29.825994
31.246492
32.945557
34.819881
36.392860
38.015305
39.928570
41.798054
43.668369
45.507423
47.387489
49.211697
50.862247
52.857143
54.591835
56.566326
58.222359
59.974491
61.652290
63.423466
65.248230
67.045921
68.653061
70.122452
71.857140
73.362244
74.647957
76.076530
77.346939
78.561226
79.760208
80.903061
82.010201
83.060364
84.061226
85.076530
86.076530
87.081635
87.810600
88.530609
89.223938
89.923470
90.566322
91.142860
91.734695
92.295921
92.852036
93.367348
93.754784
94.107147
94.530609
94.882652
95.244896
95.535713
95.811226
96.132652
96.357140
96.602043
96.811226
97.000000
97.173470
97.290817
97.464287
97.642860
97.755104
97.841835
97.984695
98.112244
98.168365
98.260208
98.423470
98.479591
98.566330
98.622444
98.729530
98.795853
98.892853
98.954079
99.015305
99.040817
99.112244
99.147957
99.183670
99.219391
99.229591
99.244896
99.280617
99.331635
99.362244
99.397957
99.448982
99.474487
99.489799
99.515305
99.510208
99.525513
99.535713
99.571434
99.571434
99.561226
99.581635
99.586739
99.602020
99.596939
99.617348
99.647957
99.622444
99.632652
99.632652
99.637756
99.642853
99.637756
99.642853
99.658165
99.673470
99.678574
99.678574
99.683670
99.678574
99.673470
99.673447
99.663261
99.668365
99.688774
99.688759
99.678574
99.693878
99.693878
99.678574
99.678574
99.668365
99.663261
99.663261
99.647957
99.647957
99.653061
99.658165
99.663261
99.663261
99.673470
99.668365
99.663261
99.663261
99.668365
99.668365
99.663261
99.668350
99.663261
99.653061
99.632652
99.642853
99.658165
99.653061
99.658142
99.663261
99.658165
99.653038
99.653061
99.658127
99.637733
99.637756
99.642838
99.637718
99.647957
99.658165
99.658165
99.647957
99.637756
99.632652
99.632652
99.653061
99.658142
99.663261
99.663261
99.683670
99.698982
99.693848
99.678574
99.673447
99.663261
99.668365
99.668365
99.663261
99.673470
99.668365
99.663261
99.653061
99.663261
99.668350
99.658165
99.658142
99.642853
99.653038
99.663261
99.653061
99.647957
99.647957
99.637733
99.647957
99.647942
99.653061
99.658165
99.627533
99.617348
99.637756
99.637756
99.627548
99.627548
99.642853
99.647957
99.653061
99.647942
99.632652
99.637756
99.653061
99.658165
99.663261
99.663261
99.653061
99.637756
99.637756
99.647942
99.637756
99.663261
99.668365
99.658165
99.663261
99.637756
99.647957
99.658142
99.658142
99.673470
99.673470
99.683662
99.688774
99.688774
99.688774
99.688774
99.688774
99.678574
99.668365
99.658165
99.658165
99.642853
99.632652
99.612244
99.617348
99.637733
99.632652
99.627533
99.632614
99.622444
99.622444
99.622444
99.632614
99.632652
99.622444
99.637718
99.637733
99.602043
99.617348
99.627548
99.642853
99.642853
99.642853
99.642853
99.632652
99.647957
99.632652
99.617348
99.596916
99.617348
99.632652
99.637733
99.622444
99.637756
99.637756
99.617348
99.617348
99.642838
99.632652
99.622444
99.622429
99.627548
99.653038
99.668365
99.637733
99.637756
99.622444
99.642853
99.653061
99.653038
99.647957
99.658165
99.673470
99.683670
99.673439
99.653038
99.647942
99.663246
99.647957
99.673470
99.673470
99.673447
99.678574
99.678551
99.683662
99.693863
99.688774
99.698982
99.704071
99.698967
99.704079
99.714287
99.714287
99.709183
99.698982
99.688774
99.698982
99.693863
99.709167
99.698982
99.678551
99.683670
99.688774
99.704079
99.704079
99.714287
99.724480
99.724487
99.729576
99.729591
99.719391
99.750000
99.739799
99.744896
99.750000
99.739799
99.739799
99.755104
99.750000
99.739799
99.739799
99.739799
99.719391
99.714287
99.709183
99.714287
99.729576
99.719391
99.734680
99.729561
99.729591
99.729591
99.714287
99.714287
99.714272
99.704079
99.693878
99.693863
99.688774
99.693878
99.688759
99.688774
99.693878
99.688774
99.698967
99.714256
99.719391
99.714287
99.714287
99.709152
99.714287
99.719376
99.739799
99.734695
99.724487
99.719391
99.714272
99.704079
99.693878
99.678574
99.658165
99.658165
99.663261
99.668365
99.658165
99.673470
99.683670
99.698982
99.693878
99.683670
99.683670
99.663261
99.678551
99.668350
99.663261
99.647957
99.668335
99.673470
99.658165
99.673447
99.663246
99.653061
99.663231
99.668350
99.658165
99.658142
99.658142
99.658165
99.663261
99.678551
99.683670
99.678551
99.688774
99.683670
99.693878
99.688774
